rostopic: /imu
update_rate: 100.0 #Hz

accelerometer_noise_density: 1.5655541482350172e-02
accelerometer_random_walk: 4.4835429671307705e-04
gyroscope_noise_density: 1.9471089171491903e-03
gyroscope_random_walk: 7.3361785386073550e-05
