cam0:
  T_cam_imu:
  - [0.9998710706907337, 0.01591198846168409, -0.002156529378602455, 0.0437940749501624]
  - [-0.015824067528471118, 0.999226260820914, 0.03600664622967129, -0.0016009414616998323]
  - [0.002727798126681851, -0.035967878851129766, 0.9993492236492357, -0.06562518494378936]
  - [0.0, 0.0, 0.0, 1.0]
  cam_overlaps: []
  camera_model: pinhole
  distortion_coeffs: [0.097177275647074, -0.18018445843947403, -0.00034879300301104407,
    0.0006675838642464431]
  distortion_model: radtan
  intrinsics: [556.9411411777448, 554.3071368304684, 328.5102548230616, 237.02234744269407]
  resolution: [640, 480]
  rostopic: /camera/color/image_raw
  timeshift_cam_imu: 0.03405861827207748
