%YAML:1.0
---
type: IMU
name: bosch
Gyr:
   unit: " rad/s"
   avg-axis:
      gyr_n: 1.9471089171491903e-03
      gyr_w: 7.3361785386073550e-05
   x-axis:
      gyr_n: 1.7403769050363558e-03
      gyr_w: 6.9080413724994038e-05
   y-axis:
      gyr_n: 2.5065768011373491e-03
      gyr_w: 5.0305197428307454e-05
   z-axis:
      gyr_n: 1.5943730452738661e-03
      gyr_w: 1.0069974500491919e-04
Acc:
   unit: " m/s^2"
   avg-axis:
      acc_n: 1.5655541482350172e-02
      acc_w: 4.4835429671307705e-04
   x-axis:
      acc_n: 1.1425902200744381e-02
      acc_w: 2.5451252403518881e-04
   y-axis:
      acc_n: 1.2337714983463638e-02
      acc_w: 5.4906279360382177e-04
   z-axis:
      acc_n: 2.3203007262842506e-02
      acc_w: 5.4148757250022063e-04
